colors.canceled = [208 0 0]./255;
colors.noncanc = [245, 138, 7]./255;
colors.nostop = [64, 151, 39]./255;