colors.canceled = [208 0 0]./255;
colors.noncanc = [245, 138, 7]./255;
colors.noncanceled = [245, 138, 7]./255;
colors.nostop = [64, 151, 39]./255;


colors.hiRew = [150 52 132]./255;
colors.loRew = [40 194 255]./255;
